flip_tomate_barroselas_20200806_0277_16.jpg 0,70,42,142,0
randomcombination3_tomate_barroselas_20200806_0022_01.jpg 187,133,211,161,0 161,222,193,257,0
noiserandom_tomate_barroselas_20200806_0293_05.jpg 159,5,203,67,0
randomcombination3_tomate_barroselas_20200806_0009_16.jpg 4,56,50,100,0
noiserandom_tomate_barroselas_20200806_0275_12.jpg 189,189,251,246,0
noiserandom_tomate_barroselas_20200806_0264_04.jpg 131,269,185,300,0
randomcombination3_tomate_barroselas_20200806_0023_16.jpg 207,1,240,31,0 120,15,175,65,0
randomcombination3_tomate_barroselas_20200806_0003_06.jpg 115,153,151,187,0 140,139,170,177,0 66,91,103,140,0 83,109,129,165,0
anglerandom_tomate_barroselas_20200806_0201_13.jpg 50,77,150,180,0 23,128,115,226,0
anglerandom_tomate_barroselas_20200806_0134_10.jpg 217,268,268,300,0 182,262,228,300,0 199,84,227,113,0 67,249,103,290,0 216,81,265,132,0 155,68,214,116,0
anglerandom_tomate_barroselas_20200806_0180_03.jpg 88,184,192,287,0 77,233,130,286,0 101,138,183,221,0 131,158,217,244,0
anglerandom_tomate_barroselas_20200806_0196_16.jpg 129,208,243,300,0 32,0,155,119,0 118,0,251,92,0
anglerandom_tomate_barroselas_20200806_0179_16.jpg 196,28,271,110,0
anglerandom_tomate_barroselas_20200806_0176_05.jpg 119,0,194,62,0 43,15,125,100,0
blurrandom_tomate_barroselas_20200806_0218_03.jpg 226,73,260,106,0 143,190,202,267,0 198,140,271,212,0 125,149,201,246,0 192,193,250,285,0
blurrandom_tomate_barroselas_20200806_0243_11.jpg 194,241,233,283,0 240,17,300,85,0 220,244,275,300,0
blurrandom_tomate_barroselas_20200806_0291_09.jpg 192,0,263,42,0 239,0,300,57,0
blurrandom_tomate_barroselas_20200806_0248_11.jpg 142,258,187,300,0 162,220,215,298,0
blurrandom_tomate_barroselas_20200806_0245_11.jpg 269,9,300,48,0 196,216,224,255,0 216,160,246,190,0 276,212,300,280,0 254,16,278,53,0
flip_tomate_barroselas_20200806_0004_12.jpg 251,147,287,181,0 220,16,249,50,0 199,0,236,32,0
blurrandom_tomate_barroselas_20200806_0231_16.jpg 0,230,62,300,0
noiserandom_tomate_barroselas_20200806_0204_05.jpg 0,149,37,239,0 23,37,70,112,0 69,73,139,142,0 56,52,109,111,0
flip_tomate_barroselas_20200806_0038_07.jpg 100,0,135,33,0 138,98,169,141,0 162,101,195,139,0 163,79,196,108,0 131,73,170,106,0 69,0,105,28,0 14,244,68,298,0 159,250,196,292,0 179,226,219,274,0
flip_tomate_barroselas_20200806_0049_11.jpg 116,50,150,89,0 96,43,129,91,0 147,56,178,101,0 163,169,192,209,0 135,16,170,66,0 108,4,145,47,0 79,17,115,63,0
flip_tomate_barroselas_20200806_0004_14.jpg 149,113,194,171,0 136,266,172,300,0 165,279,206,300,0
flip_tomate_barroselas_20200806_0024_00.jpg 43,240,88,277,0 42,271,78,300,0
flip_tomate_barroselas_20200806_0056_07.jpg 223,227,265,275,0 29,202,53,232,0 257,7,289,44,0 231,5,270,43,0 211,263,255,300,0
flip_tomate_barroselas_20200806_0049_14.jpg 194,254,239,300,0
flip_tomate_barroselas_20200806_0055_10.jpg 204,262,226,293,0 160,272,187,297,0 135,0,162,25,0 143,3,171,44,0 164,0,187,33,0 72,111,111,161,0 92,130,131,178,0 121,115,160,160,0
anglerandom_tomate_barroselas_20200806_0128_09.jpg 185,227,256,298,0 248,121,280,153,0 40,72,90,127,0 184,257,248,300,0
anglerandom_tomate_barroselas_20200806_0015_14.jpg 256,73,300,141,0
anglerandom_tomate_barroselas_20200806_0025_15.jpg 121,175,158,214,0 155,158,198,203,0
anglerandom_tomate_barroselas_20200806_0025_13.jpg 203,150,236,188,0 240,51,281,91,0 214,0,264,45,0 246,17,292,71,0
anglerandom_tomate_barroselas_20200806_0035_10.jpg 53,157,116,220,0 58,190,112,244,0 193,97,256,160,0 174,47,236,108,0 172,79,227,134,0
anglerandom_tomate_barroselas_20200806_0011_05.jpg 171,84,223,133,0 191,106,245,160,0 185,124,221,168,0
anglerandom_tomate_barroselas_20200806_0033_07.jpg 37,26,78,63,0 97,0,141,28,0
anglerandom_tomate_barroselas_20200806_0014_02.jpg 158,12,214,67,0
flip_tomate_barroselas_20200806_0081_16.jpg 124,172,156,220,0 102,168,136,211,0
flip_tomate_barroselas_20200806_0078_12.jpg 135,46,170,78,0 123,70,160,110,0 104,37,138,80,0
flip_tomate_barroselas_20200806_0087_10.jpg 108,56,140,93,0 138,201,178,247,0 119,212,141,241,0 82,192,124,246,0 109,169,157,220,0 79,133,127,194,0
flip_tomate_barroselas_20200806_0064_16.jpg 0,133,32,196,0
flip_tomate_barroselas_20200806_0089_13.jpg 0,50,29,90,0 186,0,229,30,0 0,11,29,61,0
flip_tomate_barroselas_20200806_0076_11.jpg 5,30,28,55,0 0,42,20,77,0
blurrandom_tomate_barroselas_20200806_0206_16.jpg 124,157,196,235,0
blurrandom_tomate_barroselas_20200806_0058_10.jpg 114,166,153,218,0
blurrandom_tomate_barroselas_20200806_0193_11.jpg 199,63,263,127,0
blurrandom_tomate_barroselas_20200806_0087_00.jpg 57,184,106,230,0 78,214,126,260,0
blurrandom_tomate_barroselas_20200806_0126_05.jpg 132,205,173,243,0 103,193,139,238,0
blurrandom_tomate_barroselas_20200806_0175_08.jpg 0,270,49,300,0 11,24,71,96,0 67,43,128,140,0 106,48,173,137,0 0,0,56,92,0 93,215,152,291,0
blurrandom_tomate_barroselas_20200806_0208_06.jpg 63,77,111,131,0 12,64,53,116,0 87,52,127,96,0 29,132,74,181,0 0,139,41,201,0
anglerandom_tomate_barroselas_20200806_0087_03.jpg 169,197,224,254,0 197,189,269,261,0 178,153,246,223,0 182,123,248,185,0
anglerandom_tomate_barroselas_20200806_0072_16.jpg 1,111,38,163,0 90,184,153,245,0
anglerandom_tomate_barroselas_20200806_0072_02.jpg 269,168,300,208,0
anglerandom_tomate_barroselas_20200806_0085_13.jpg 38,208,112,285,0
anglerandom_tomate_barroselas_20200806_0075_16.jpg 121,0,171,48,0 155,247,209,300,0
anglerandom_tomate_barroselas_20200806_0091_16.jpg 243,91,300,156,0 86,65,145,128,0
anglerandom_tomate_barroselas_20200806_0122_11.jpg 128,225,193,293,0 43,6,97,62,0 57,52,115,112,0 124,183,200,259,0 0,159,68,234,0
anglerandom_tomate_barroselas_20200806_0265_13.jpg 102,1,142,22,0 265,114,300,189,0 206,98,287,191,0 65,57,105,105,0 251,178,289,209,0
randomcombination3_tomate_barroselas_20200806_0212_03.jpg 154,283,170,300,0
anglerandom_tomate_barroselas_20200806_0036_09.jpg 82,230,128,279,0 109,70,151,117,0 59,201,106,260,0 134,71,188,126,0 102,46,149,95,0 73,172,119,215,0 94,201,143,257,0
randomcombination3_tomate_barroselas_20200806_0061_13.jpg 77,184,105,238,0
noiserandom_tomate_barroselas_20200806_0073_17.jpg 40,0,87,34,0 106,166,158,228,0 5,6,49,50,0 28,162,77,215,0 247,177,289,231,0 58,184,112,248,0 255,36,294,84,0 242,0,282,46,0
anglerandom_tomate_barroselas_20200806_0244_03.jpg 216,196,287,273,0 277,118,300,172,0 234,142,300,213,0 178,1,248,48,0
anglerandom_tomate_barroselas_20200806_0228_05.jpg 111,48,190,123,0
anglerandom_tomate_barroselas_20200806_0251_07.jpg 70,74,159,171,0 194,226,283,289,0
anglerandom_tomate_barroselas_20200806_0231_07.jpg 44,172,98,231,0
anglerandom_tomate_barroselas_20200806_0237_07.jpg 67,0,156,86,0
anglerandom_tomate_barroselas_20200806_0258_02.jpg 158,210,262,298,0 233,186,300,271,0
anglerandom_tomate_barroselas_20200806_0211_12.jpg 231,67,300,146,0
flip_tomate_barroselas_20200806_0255_02.jpg 76,24,182,110,0
flip_tomate_barroselas_20200806_0259_07.jpg 221,57,290,135,0 178,42,241,114,0
flip_tomate_barroselas_20200806_0272_13.jpg 188,2,282,100,0
flip_tomate_barroselas_20200806_0246_15.jpg 195,78,227,117,0
flip_tomate_barroselas_20200806_0253_09.jpg 158,0,188,28,0
flip_tomate_barroselas_20200806_0255_00.jpg 160,140,233,225,0 124,114,188,192,0 76,115,152,186,0
flip_tomate_barroselas_20200806_0231_14.jpg 145,222,200,296,0
flip_tomate_barroselas_20200806_0136_07.jpg 1,137,26,170,0 19,154,42,183,0 189,256,230,300,0 166,70,208,121,0 198,51,239,95,0 234,59,276,99,0
anglerandom_tomate_barroselas_20200806_0125_07.jpg 160,0,216,29,0 185,6,227,62,0 218,8,259,47,0
anglerandom_tomate_barroselas_20200806_0069_03.jpg 162,228,214,267,0 122,218,164,264,0 164,102,192,130,0
anglerandom_tomate_barroselas_20200806_0045_08.jpg 40,223,101,282,0
anglerandom_tomate_barroselas_20200806_0057_13.jpg 118,0,162,36,0 150,7,185,57,0
anglerandom_tomate_barroselas_20200806_0069_13.jpg 266,93,299,145,0
anglerandom_tomate_barroselas_20200806_0061_08.jpg 46,118,117,190,0 74,151,144,221,0 48,94,115,163,0 13,130,76,194,0 14,160,81,231,0
anglerandom_tomate_barroselas_20200806_0058_13.jpg 44,16,94,63,0 118,132,177,198,0
noiserandom_tomate_barroselas_20200806_0040_08.jpg 115,108,155,149,0 86,121,123,165,0 134,271,171,300,0 106,248,154,300,0 141,223,185,282,0
noiserandom_tomate_barroselas_20200806_0049_12.jpg 191,78,227,125,0 169,77,202,122,0 191,213,225,256,0
noiserandom_tomate_barroselas_20200806_0055_13.jpg 258,57,298,109,0 62,133,100,187,0 94,140,121,185,0 267,95,300,151,0 18,261,66,300,0 5,132,51,180,0 219,141,253,176,0 41,142,72,193,0 66,272,102,300,0
noiserandom_tomate_barroselas_20200806_0035_00.jpg 6,198,32,225,0 11,190,23,202,0
noiserandom_tomate_barroselas_20200806_0057_07.jpg 115,170,158,216,0 147,188,181,236,0
noiserandom_tomate_barroselas_20200806_0070_11.jpg 201,211,243,258,0 0,186,34,239,0 162,101,199,139,0 208,51,252,87,0 225,191,267,239,0
noiserandom_tomate_barroselas_20200806_0054_09.jpg 32,113,72,166,0 30,241,74,294,0 3,137,39,183,0 1,0,36,39,0 29,0,57,44,0
anglerandom_tomate_barroselas_20200806_0274_08.jpg 151,1,204,65,0 16,7,40,32,0
flip_tomate_barroselas_20200806_0129_06.jpg 182,274,213,300,0 210,190,235,229,0 181,193,216,232,0
flip_tomate_barroselas_20200806_0291_00.jpg 19,199,85,278,0
flip_tomate_barroselas_20200806_0056_11.jpg 177,182,223,222,0 145,193,185,243,0
flip_tomate_barroselas_20200806_0060_13.jpg 191,82,237,134,0 0,173,45,229,0 42,185,62,210,0
anglerandom_tomate_barroselas_20200806_0043_05.jpg 202,154,235,189,0 229,168,264,203,0
flip_tomate_barroselas_20200806_0116_11.jpg 160,241,181,269,0 52,0,75,19,0 20,0,55,30,0
flip_tomate_barroselas_20200806_0113_11.jpg 128,180,165,229,0 147,218,185,264,0
flip_tomate_barroselas_20200806_0099_02.jpg 215,249,247,291,0 239,281,263,300,0
flip_tomate_barroselas_20200806_0094_11.jpg 32,191,79,236,0
flip_tomate_barroselas_20200806_0095_12.jpg 263,224,298,268,0 256,103,290,143,0 210,0,239,30,0 65,68,99,106,0 92,55,134,103,0 76,83,113,127,0
flip_tomate_barroselas_20200806_0113_13.jpg 83,54,130,100,0 141,54,192,110,0 117,78,158,135,0
flip_tomate_barroselas_20200806_0101_06.jpg 230,66,267,109,0
noiserandom_tomate_barroselas_20200806_0167_03.jpg 103,274,136,300,0
noiserandom_tomate_barroselas_20200806_0167_06.jpg 219,58,257,95,0 201,90,231,126,0 104,69,155,131,0 176,13,233,62,0 28,253,80,300,0 152,69,205,142,0
noiserandom_tomate_barroselas_20200806_0128_03.jpg 11,218,40,247,0
noiserandom_tomate_barroselas_20200806_0189_08.jpg 24,51,83,102,0
noiserandom_tomate_barroselas_20200806_0167_05.jpg 179,0,231,55,0 109,188,183,275,0 175,199,249,265,0 132,0,192,56,0
noiserandom_tomate_barroselas_20200806_0136_04.jpg 90,134,123,165,0
noiserandom_tomate_barroselas_20200806_0169_11.jpg 52,202,128,300,0
blurrandom_tomate_barroselas_20200806_0208_07.jpg 193,29,245,96,0 146,55,200,113,0
scalerandom_tomate_barroselas_20200806_0037_05.jpg 199,2,228,37,0 227,10,249,40,0
scalerandom_tomate_barroselas_20200806_0159_05.jpg 176,166,212,200,0 155,173,182,215,0 118,102,144,134,0 103,104,122,124,0 125,187,160,220,0
scalerandom_tomate_barroselas_20200806_0133_10.jpg 189,8,221,43,0 197,25,254,86,0 151,30,206,93,0 236,17,299,81,0 218,295,282,300,0 247,299,300,300,0 171,66,234,130,0
scalerandom_tomate_barroselas_20200806_0163_00.jpg 255,97,300,151,0
scalerandom_tomate_barroselas_20200806_0173_06.jpg 208,62,237,83,0 139,123,154,144,0 151,113,169,130,0 219,119,237,162,0 183,135,222,176,0 203,122,229,148,0 174,124,209,161,0
scalerandom_tomate_barroselas_20200806_0127_00.jpg 152,167,166,182,0 136,160,154,181,0 117,162,142,188,0 68,74,84,90,0 78,76,91,90,0
scalerandom_tomate_barroselas_20200806_0133_00.jpg 214,179,227,193,0
scalerandom_tomate_barroselas_20200806_0293_09.jpg 74,125,108,172,0 69,113,90,137,0 97,107,134,144,0
scalerandom_tomate_barroselas_20200806_0267_06.jpg 171,162,216,213,0 133,174,183,231,0
tomate_barroselas_20200806_0044_15.jpg 233,185,266,238,0 233,209,250,228,0 192,198,236,245,0
tomate_barroselas_20200806_0020_00.jpg 22,126,49,164,0
tomate_barroselas_20200806_0005_16.jpg 34,0,83,44,0 0,22,22,54,0 15,6,57,64,0
scalerandom_tomate_barroselas_20200806_0281_04.jpg 80,16,120,59,0 251,206,300,256,0 159,92,206,141,0 85,120,132,183,0 112,141,175,233,0 169,158,235,256,0
translaterandom_tomate_barroselas_20200806_0134_10.jpg 245,204,283,250,0 228,26,252,52,0 127,211,158,247,0 248,20,290,65,0 184,18,237,57,0
translaterandom_tomate_barroselas_20200806_0137_07.jpg 101,116,148,159,0 144,108,189,157,0
translaterandom_tomate_barroselas_20200806_0156_03.jpg 96,77,146,125,0 61,106,130,178,0
translaterandom_tomate_barroselas_20200806_0157_08.jpg 194,1,258,65,0 134,15,201,95,0 151,1,220,48,0
translaterandom_tomate_barroselas_20200806_0126_07.jpg 55,86,113,137,0 101,154,145,219,0 73,124,126,184,0 133,148,182,196,0
translaterandom_tomate_barroselas_20200806_0133_16.jpg 178,101,217,159,0 197,97,244,142,0 218,100,274,160,0
tomates_2020-08-06-11-35-15_side_0081_00.jpg 204,112,223,132,0 235,89,262,112,0
tomates_2020-08-06-11-35-15_side_0086_06.jpg 141,187,173,222,0
tomates_2020-08-06-11-35-15_side_0081_17.jpg 115,237,129,255,0 104,241,120,259,0 177,221,221,264,0 124,139,163,178,0 105,137,141,178,0 132,85,174,134,0 106,102,147,145,0 165,62,219,113,0
tomates_2020-08-06-11-35-15_side_0091_06.jpg 142,119,175,153,0 0,120,49,168,0
tomates_2020-08-06-11-35-15_side_0086_05.jpg 209,128,264,206,0 225,136,300,225,0
tomate_barroselas_20200806_0282_06.jpg 219,0,270,55,0 260,158,300,218,0
translaterandom_tomate_barroselas_20200806_0118_06.jpg 46,240,77,276,0 82,216,116,254,0 264,271,299,300,0 168,175,197,207,0 259,162,294,202,0 231,174,264,215,0 160,153,189,184,0
translaterandom_tomate_barroselas_20200806_0292_02.jpg 76,149,121,205,0 76,182,112,242,0
translaterandom_tomate_barroselas_20200806_0277_12.jpg 144,190,171,224,0 141,276,176,300,0 88,263,120,300,0 113,276,148,300,0 76,129,111,170,0 92,145,129,183,0 113,131,141,166,0 60,70,95,105,0 85,70,116,108,0 103,64,139,92,0
translaterandom_tomate_barroselas_20200806_0281_10.jpg 64,9,130,81,0 38,0,92,42,0
translaterandom_tomate_barroselas_20200806_0229_09.jpg 154,67,213,141,0 113,104,168,169,0 55,108,92,157,0 51,204,88,257,0 167,12,209,50,0
translaterandom_tomate_barroselas_20200806_0266_09.jpg 7,115,70,187,0
translaterandom_tomate_barroselas_20200806_0244_15.jpg 140,16,209,101,0 209,95,290,183,0 193,160,240,216,0 225,163,272,230,0
translaterandom_tomate_barroselas_20200806_0198_07.jpg 152,225,195,267,0
translaterandom_tomate_barroselas_20200806_0205_15.jpg 74,1,145,47,0
translaterandom_tomate_barroselas_20200806_0181_09.jpg 37,106,111,186,0 80,60,156,141,0
translaterandom_tomate_barroselas_20200806_0199_13.jpg 111,141,184,207,0 139,201,216,267,0
translaterandom_tomate_barroselas_20200806_0197_06.jpg 49,57,120,136,0 0,81,68,196,0 69,130,145,234,0
translaterandom_tomate_barroselas_20200806_0197_01.jpg 197,51,273,154,0 80,88,147,210,0 126,57,226,168,0
translaterandom_tomate_barroselas_20200806_0178_03.jpg 96,1,162,64,0 158,1,231,37,0
tomate_barroselas_20200806_0135_00.jpg 207,243,229,270,0
tomate_barroselas_20200806_0111_02.jpg 54,113,92,156,0 0,138,43,185,0 34,147,77,194,0 92,0,126,35,0
tomate_barroselas_20200806_0127_09.jpg 132,67,171,117,0 0,118,28,159,0
tomate_barroselas_20200806_0105_06.jpg 233,50,266,98,0
tomate_barroselas_20200806_0111_00.jpg 18,173,36,198,0 33,174,51,201,0
tomate_barroselas_20200806_0109_01.jpg 268,232,300,279,0
translaterandom_tomate_barroselas_20200806_0007_01.jpg 203,133,237,168,0 163,255,197,284,0
tomates_2020-08-06-11-35-15_side_0224_10.jpg 119,0,147,20,0 43,202,74,232,0 109,0,136,25,0 137,0,164,17,0
tomates_2020-08-06-11-35-15_side_0211_09.jpg 269,66,300,132,0 251,108,294,166,0 225,52,292,128,0 213,95,266,152,0 149,8,173,34,0 165,0,193,30,0 22,183,40,204,0 127,0,162,36,0 113,15,150,48,0
tomates_2020-08-06-11-35-15_side_0222_09.jpg 272,161,300,197,0
translaterandom_tomate_barroselas_20200806_0003_16.jpg 60,242,103,283,0 88,53,128,112,0
tomates_2020-08-06-11-35-15_side_0215_00.jpg 266,270,298,300,0
translaterandom_tomate_barroselas_20200806_0209_00.jpg 79,96,113,128,0
scalerandom_tomate_barroselas_20200806_0071_15.jpg 214,207,278,275,0 253,0,300,57,0 269,205,300,280,0
scalerandom_tomate_barroselas_20200806_0079_16.jpg 0,0,32,84,0
scalerandom_tomate_barroselas_20200806_0048_08.jpg 133,51,150,70,0 139,64,166,100,0 113,57,141,92,0 148,101,182,139,0 40,132,57,162,0
scalerandom_tomate_barroselas_20200806_0055_07.jpg 246,227,281,273,0 198,18,234,51,0 224,17,258,51,0 254,16,283,56,0 238,136,265,175,0
scalerandom_tomate_barroselas_20200806_0071_08.jpg 224,197,286,277,0 170,188,236,264,0 136,118,196,178,0
scalerandom_tomate_barroselas_20200806_0049_17.jpg 37,164,89,210,0 274,249,300,285,0
noiserandom_tomate_barroselas_20200806_0249_07.jpg 197,0,241,37,0 61,257,95,298,0 143,129,186,192,0
noiserandom_tomate_barroselas_20200806_0246_17.jpg 58,116,111,187,0 22,121,69,185,0 35,23,93,95,0
noiserandom_tomate_barroselas_20200806_0240_05.jpg 201,164,268,259,0 138,149,234,256,0
noiserandom_tomate_barroselas_20200806_0235_09.jpg 170,170,237,231,0 215,207,284,282,0
noiserandom_tomate_barroselas_20200806_0260_17.jpg 13,75,92,157,0
noiserandom_tomate_barroselas_20200806_0210_09.jpg 254,207,300,262,0
tomates_2020-08-06-11-35-15_side_0121_13.jpg 19,2,44,32,0
scalerandom_tomate_barroselas_20200806_0082_09.jpg 154,137,177,168,0 163,216,176,243,0 159,206,174,224,0 144,119,166,147,0
scalerandom_tomate_barroselas_20200806_0089_08.jpg 21,245,88,300,0 40,157,106,236,0 1,211,42,285,0
scalerandom_tomate_barroselas_20200806_0100_08.jpg 188,72,209,87,0
scalerandom_tomate_barroselas_20200806_0097_16.jpg 96,73,138,122,0
scalerandom_tomate_barroselas_20200806_0090_00.jpg 139,205,172,250,0 105,203,144,244,0 78,63,102,93,0 100,189,141,232,0
scalerandom_tomate_barroselas_20200806_0105_10.jpg 264,212,300,266,0
scalerandom_tomate_barroselas_20200806_0098_05.jpg 238,64,274,106,0 265,75,298,116,0
tomates_2020-08-06-11-35-15_side_0114_08.jpg
tomate_barroselas_20200806_0096_13.jpg 94,167,131,215,0 175,33,206,69,0 153,50,181,88,0 125,65,156,99,0 108,48,138,83,0
scalerandom_tomate_barroselas_20200806_0232_09.jpg 0,12,35,91,0 21,18,79,91,0 27,75,76,134,0
scalerandom_tomate_barroselas_20200806_0245_17.jpg 202,19,235,63,0
scalerandom_tomate_barroselas_20200806_0182_04.jpg 161,266,223,300,0
scalerandom_tomate_barroselas_20200806_0173_13.jpg 0,156,35,259,0
scalerandom_tomate_barroselas_20200806_0217_15.jpg 250,163,300,272,0
scalerandom_tomate_barroselas_20200806_0221_06.jpg 213,16,273,77,0
scalerandom_tomate_barroselas_20200806_0174_08.jpg 194,73,267,160,0 90,0,156,59,0 115,270,190,300,0 104,89,186,190,0
scalerandom_tomate_barroselas_20200806_0266_05.jpg 134,118,168,159,0 123,220,164,247,0 159,98,177,116,0 156,204,191,246,0
scalerandom_tomate_barroselas_20200806_0113_00.jpg 250,147,300,212,0 178,161,234,203,0
tomate_barroselas_20200806_0099_04.jpg 174,254,218,300,0 159,234,203,286,0 62,89,92,126,0 26,79,63,124,0 210,250,253,300,0 0,220,18,258,0 14,236,52,276,0 34,232,73,262,0
scalerandom_tomate_barroselas_20200806_0004_15.jpg 143,89,183,140,0 137,256,171,278,0
scalerandom_tomate_barroselas_20200806_0014_17.jpg 86,195,118,236,0 78,59,110,91,0 104,230,137,248,0
scalerandom_tomate_barroselas_20200806_0033_14.jpg 57,116,86,146,0
scalerandom_tomate_barroselas_20200806_0033_15.jpg 82,60,113,106,0
randomcombination3_tomate_barroselas_20200806_0295_01.jpg 161,54,227,133,0 205,82,263,152,0
randomcombination3_tomate_barroselas_20200806_0272_12.jpg 123,203,192,282,0 1,1,38,88,0
scalerandom_tomate_barroselas_20200806_0034_13.jpg 194,171,221,202,0 141,84,184,145,0 98,71,152,124,0
tomates_2020-08-06-11-35-15_side_0209_04.jpg 128,113,157,148,0 112,30,135,57,0 143,124,166,152,0
translaterandom_tomate_barroselas_20200806_0207_08.jpg 174,107,235,183,0 215,83,268,165,0
flip_tomate_barroselas_20200806_0228_12.jpg 83,103,143,180,0
flip_tomate_barroselas_20200806_0227_13.jpg 12,121,80,215,0
flip_tomate_barroselas_20200806_0206_11.jpg 180,12,245,84,0
flip_tomate_barroselas_20200806_0197_05.jpg 138,174,232,255,0 223,139,297,251,0 251,10,300,94,0 226,0,274,39,0
flip_tomate_barroselas_20200806_0229_08.jpg 47,132,82,178,0 15,135,52,184,0 52,230,89,279,0
flip_tomate_barroselas_20200806_0167_11.jpg 32,249,93,300,0
tomates_2020-08-06-11-35-15_side_0208_10.jpg 232,32,253,56,0 0,171,33,204,0 64,177,89,204,0 251,0,279,26,0 46,34,70,61,0 28,36,52,65,0
tomates_2020-08-06-11-35-15_side_0107_15.jpg 285,118,300,151,0 274,114,296,139,0 259,60,293,108,0
tomates_2020-08-06-11-35-15_side_0106_05.jpg 98,218,136,259,0 124,205,166,258,0 156,224,193,265,0 178,204,218,259,0 170,128,232,195,0 107,164,154,224,0 146,189,192,239,0
tomates_2020-08-06-11-35-15_side_0112_15.jpg 139,124,177,175,0
tomates_2020-08-06-11-35-15_side_0104_11.jpg
tomates_2020-08-06-11-35-15_side_0098_07.jpg
tomates_2020-08-06-11-35-15_side_0104_03.jpg 1,251,31,281,0 21,232,55,273,0 48,259,73,287,0 62,241,90,272,0 60,264,93,296,0
tomates_2020-08-06-11-35-15_side_0103_14.jpg 11,43,99,149,0 0,8,51,80,0 62,0,114,52,0 25,0,103,67,0
randomcombination3_tomate_barroselas_20200806_0070_07.jpg 162,139,194,172,0 191,74,218,100,0
flip_tomate_barroselas_20200806_0291_12.jpg 53,167,133,258,0
noiserandom_tomate_barroselas_20200806_0000_08.jpg 186,201,235,258,0 259,174,300,237,0 225,221,265,273,0
noiserandom_tomate_barroselas_20200806_0031_03.jpg 12,173,45,215,0
noiserandom_tomate_barroselas_20200806_0030_14.jpg 142,181,169,212,0 166,180,195,210,0 0,163,35,220,0
noiserandom_tomate_barroselas_20200806_0028_12.jpg 66,64,92,96,0 170,190,192,219,0 291,246,300,267,0
flip_tomate_barroselas_20200806_0294_01.jpg 145,77,182,117,0
randomcombination3_tomate_barroselas_20200806_0218_08.jpg 131,175,158,207,0 129,127,177,177,0 127,169,140,186,0 145,157,174,195,0
randomcombination3_tomate_barroselas_20200806_0248_07.jpg 147,52,238,144,0 70,275,108,300,0 75,229,128,281,0 75,252,125,300,0 183,146,273,236,0 194,39,250,94,0 213,17,276,84,0
randomcombination3_tomate_barroselas_20200806_0266_03.jpg 203,195,250,266,0
randomcombination3_tomate_barroselas_20200806_0253_05.jpg 261,109,300,206,0 175,89,271,204,0 78,130,200,251,0
randomcombination3_tomate_barroselas_20200806_0244_03.jpg 94,202,152,260,0 124,202,205,284,0 228,127,276,175,0
randomcombination3_tomate_barroselas_20200806_0236_12.jpg 88,26,151,108,0
scalerandom_tomate_barroselas_20200806_0044_00.jpg 262,248,284,276,0
noiserandom_tomate_barroselas_20200806_0205_09.jpg 57,156,128,257,0 110,125,192,229,0 171,0,224,69,0
blurrandom_tomate_barroselas_20200806_0025_10.jpg 96,97,135,141,0 129,109,147,130,0 115,15,136,40,0 124,113,162,161,0 103,0,123,29,0 88,225,124,272,0 79,250,105,278,0 67,270,101,300,0
blurrandom_tomate_barroselas_20200806_0048_02.jpg 128,255,151,281,0 135,273,172,300,0 100,264,138,300,0
blurrandom_tomate_barroselas_20200806_0047_14.jpg 9,64,52,113,0 169,119,212,172,0 206,120,246,172,0 187,265,226,300,0 8,255,40,291,0 222,98,258,144,0
blurrandom_tomate_barroselas_20200806_0017_08.jpg 132,76,167,128,0
anglerandom_tomate_barroselas_20200806_0282_14.jpg 39,147,143,243,0 40,185,156,296,0
anglerandom_tomate_barroselas_20200806_0288_06.jpg 229,94,300,176,0
scalerandom_tomate_barroselas_20200806_0259_12.jpg 171,28,229,72,0 45,143,88,188,0
randomcombination3_tomate_barroselas_20200806_0091_15.jpg 75,139,115,191,0 30,0,74,32,0
randomcombination3_tomate_barroselas_20200806_0094_03.jpg 148,258,197,300,0 129,146,161,182,0 176,68,212,104,0
randomcombination3_tomate_barroselas_20200806_0084_15.jpg 139,274,182,300,0 167,97,217,147,0 97,241,152,300,0 164,83,194,120,0 165,249,220,300,0
randomcombination3_tomate_barroselas_20200806_0075_17.jpg 139,1,164,31,0 72,56,112,110,0 91,51,125,104,0
randomcombination3_tomate_barroselas_20200806_0092_15.jpg 147,35,203,92,0 114,41,177,106,0 92,0,137,0,0
randomcombination3_tomate_barroselas_20200806_0075_16.jpg 48,33,95,84,0 116,275,172,300,0
randomcombination3_tomate_barroselas_20200806_0185_10.jpg 47,270,78,300,0 71,263,97,300,0
randomcombination3_tomate_barroselas_20200806_0190_03.jpg 168,160,238,251,0
randomcombination3_tomate_barroselas_20200806_0171_12.jpg 27,218,100,300,0
randomcombination3_tomate_barroselas_20200806_0192_14.jpg 202,204,300,294,0 235,51,300,150,0
randomcombination3_tomate_barroselas_20200806_0184_13.jpg 129,270,208,300,0
randomcombination3_tomate_barroselas_20200806_0210_05.jpg 254,163,300,232,0 224,198,273,252,0
randomcombination3_tomate_barroselas_20200806_0094_06.jpg 106,141,129,164,0 203,171,223,196,0 216,159,237,186,0 196,85,214,107,0 202,104,222,127,0 186,110,205,133,0 91,148,112,172,0 128,221,148,237,0
translaterandom_tomate_barroselas_20200806_0113_01.jpg 53,230,76,277,0 73,100,107,136,0
noiserandom_tomate_barroselas_20200806_0104_09.jpg 187,142,234,199,0 153,134,193,191,0
noiserandom_tomate_barroselas_20200806_0092_10.jpg 101,251,145,300,0
noiserandom_tomate_barroselas_20200806_0101_16.jpg 280,146,300,212,0 233,138,286,204,0
noiserandom_tomate_barroselas_20200806_0110_01.jpg 0,234,40,287,0 28,226,79,279,0 19,105,40,136,0 19,96,58,147,0 0,100,22,129,0
noiserandom_tomate_barroselas_20200806_0123_14.jpg 229,270,276,300,0 265,261,300,300,0 273,57,300,114,0
noiserandom_tomate_barroselas_20200806_0080_14.jpg 231,280,256,300,0 251,279,282,300,0 247,63,286,116,0
scalerandom_tomate_barroselas_20200806_0116_07.jpg 5,85,33,132,0 157,179,198,224,0 0,232,34,276,0 144,221,183,270,0 106,210,152,259,0
tomate_barroselas_20200806_0277_10.jpg 258,250,300,300,0
tomates_2020-08-06-11-35-15_side_0153_17.jpg 55,0,124,41,0
tomates_2020-08-06-11-35-15_side_0133_00.jpg
tomates_2020-08-06-11-35-15_side_0157_10.jpg 89,154,195,283,0 20,177,127,293,0 14,95,100,192,0
tomates_2020-08-06-11-35-15_side_0160_12.jpg 0,144,60,249,0 26,160,105,244,0
tomates_2020-08-06-11-35-15_side_0160_13.jpg 198,212,258,287,0
tomates_2020-08-06-11-35-15_side_0143_07.jpg 199,0,231,29,0 66,125,134,213,0 97,123,166,210,0
tomate_barroselas_20200806_0264_11.jpg 113,79,162,136,0 111,29,165,91,0
noiserandom_tomate_barroselas_20200806_0079_13.jpg 218,248,259,300,0 268,95,300,145,0 172,257,207,300,0 0,0,24,45,0 192,260,233,300,0 232,96,272,145,0
translaterandom_tomate_barroselas_20200806_0043_12.jpg 91,21,123,59,0 77,5,98,40,0 89,0,120,28,0
translaterandom_tomate_barroselas_20200806_0033_15.jpg 133,0,161,23,0
translaterandom_tomate_barroselas_20200806_0063_09.jpg 178,206,231,275,0
translaterandom_tomate_barroselas_20200806_0029_09.jpg 82,116,127,164,0
translaterandom_tomate_barroselas_20200806_0091_10.jpg 177,242,214,294,0 47,176,77,213,0
translaterandom_tomate_barroselas_20200806_0085_08.jpg 84,205,134,262,0 69,191,105,229,0 68,25,126,80,0 47,159,97,215,0 101,61,141,115,0 138,65,180,104,0
translaterandom_tomate_barroselas_20200806_0015_05.jpg 164,50,195,92,0 187,35,220,79,0
tomate_barroselas_20200806_0078_17.jpg 221,231,243,259,0 241,228,268,264,0
tomate_barroselas_20200806_0060_12.jpg 143,127,185,175,0 113,125,142,166,0
tomate_barroselas_20200806_0067_05.jpg 249,117,272,143,0 231,118,253,140,0 79,165,100,185,0 81,147,102,167,0
tomate_barroselas_20200806_0092_04.jpg 281,206,300,238,0
tomate_barroselas_20200806_0067_07.jpg 16,95,43,126,0 98,158,157,216,0 1,75,22,105,0
tomate_barroselas_20200806_0068_07.jpg 141,245,197,300,0
tomate_barroselas_20200806_0093_10.jpg 135,67,177,110,0 121,85,160,131,0
tomate_barroselas_20200806_0192_14.jpg 229,75,300,180,0 138,0,248,79,0
tomate_barroselas_20200806_0226_09.jpg 139,5,200,87,0 186,39,249,115,0 97,34,147,99,0
tomate_barroselas_20200806_0242_00.jpg 74,0,111,35,0 54,264,83,300,0 89,262,134,299,0
tomate_barroselas_20200806_0187_13.jpg 123,149,189,238,0 72,21,156,99,0 130,26,202,122,0
tomate_barroselas_20200806_0258_13.jpg 96,165,138,221,0 47,152,94,223,0
tomate_barroselas_20200806_0180_07.jpg 74,212,136,264,0 21,200,82,276,0
tomate_barroselas_20200806_0173_15.jpg 214,120,281,190,0
tomates_2020-08-06-11-35-15_side_0200_12.jpg 41,216,98,290,0 31,163,92,235,0 41,0,76,33,0
tomates_2020-08-06-11-35-15_side_0197_06.jpg 75,194,111,236,0 140,177,167,211,0 157,171,186,208,0 151,148,179,177,0 127,157,161,192,0 153,73,180,99,0 168,86,192,110,0 121,61,145,80,0 107,61,134,88,0 124,147,151,170,0
tomates_2020-08-06-11-35-15_side_0194_05.jpg 114,170,140,196,0
tomates_2020-08-06-11-35-15_side_0207_07.jpg 151,0,205,33,0
tomates_2020-08-06-11-35-15_side_0207_15.jpg 18,89,45,114,0 0,204,25,244,0 42,29,64,53,0 37,47,58,67,0
tomates_2020-08-06-11-35-15_side_0205_17.jpg 215,133,270,190,0
tomates_2020-08-06-11-35-15_side_0205_16.jpg 235,133,290,190,0
randomcombination3_tomate_barroselas_20200806_0215_09.jpg 0,0,63,99,0
